42 1584
29 1467
57 1299
33 1539
71 627
29 1467
41 1587
44 1572
58 1264
35 1563
45 1563
40 1588
40 1588
42 1584
48 1524
43 1579
34 1552
35 1563
37 1579
42 1584
45 1563
45 1563
37 1579
23 1299
40 1588
38 1584
35 1563
41 1587
48 1524
38 1584
46 1552
40 1588
38 1584
34 1552
41 1587
59 1227
25 1363
45 1563
47 1539
42 1584
35 1563
37 1579
45 1563
41 1587
27 1419
38 1584
47 1539
49 1507
47 1539
36 1572
40 1588
49 1507
22 1264
44 1572
33 1539
53 1419
43 1579
34 1552
23 1299
47 1539
35 1563
41 1587
43 1579
52 1444
42 1584
44 1572
40 1588
31 1507
45 1563
66 912
41 1587
48 1524
46 1552
53 1419
40 1588
41 1587
28 1444
46 1552
40 1588
44 1572
34 1552
79 67
29 1467
45 1563
31 1507
